29649
55502
5142
50547
86461
74925
96081
48901
765
59769
60789
74567
60307
8262
41268
17694
60095
85902
54877
45302
89570
54039
13702
48294
78585
15262
65514
13717
52145
35
10141
62870
96421
4881
10880
61152
66687
37212
84822
3233
62924
41938
97055
98193
32115
18610
84664
76422
72451
29863
82608
22443
22146
5095
80558
35812
41257
92093
80308
44231
87091
75179
64685
33345
37732
83509
9947
60195
26349
26158
79369
8463
49174
58416
31980
79069
50339
15527
23313
24480
14678
4840
73162
58095
64937
50828
25995
65377
44055
64025
69584
82220
85300
13247
57006
64215
11293
98202
65760
48258
72311
9142
78056
61760
26227
83237
68209
27917
22033
67892
74406
55007
14431
92480
54919
14146
68258
32294
14588
62373
18507
10720
23710
4313
73334
91884
48309
72346
6278
38518
39821
40540
41251
75035
96811
86003
24281
21361
25139
71534
65046
13864
52509
33420
50069
3204
20182
92113
68031
96283
88170
81447
74631
9156
4515
14551
44607
57132
43930
47548
82896
96295
68832
3508
21763
95568
56321
1714
33707
81128
48976
46711
18976
65869
75472
36454
9370
84264
41647
3199
18996
38054
43061
6081
83908
30123
89215
32058
4224
5496
81243
60399
48541
10982
48292
3290
55983
94615
67798
41199
28112
32669
39879
81489
11916
70484
40876
88482
44403
84351
57591
6696
50893
38865
72873
40796
58853
90111
60076
56260
84181
84245
27347
79686
28404
82861
46820
45564
95132
47278
46785
58114
52784
31749
30141
65505
64901
57102
61581
8065
35841
92397
28461
59435
34973
59528
21296
72718
21727
30983
93417
72680
74457
70490
12657
44062
53775
4882
14420
16984
71532
61847
18529
41308
26370
16766
39404
85922
20889
93227
40625
83030
40416
15041
61781
16211
69687
20504
86856
41835
15000
21330
33381
65076
18554
15420
3914
71981
85519
83344
40144
26757
72252
32592
12601
47695
16392
24755
47444
24872
87281
38189
56708
77340
60642
50085
16495
23264
10251
38138
87474
21349
6848
27801
46738
26020
85807
88720
20229
65729
66847
66835
90028
70758
53434
40739
86161
57691
92040
9888
25021
73887
75863
26149
18606
7790
86345
88555
6789
77876
61643
96332
88689
75023
80548
72387
69780
16339
30278
38804
91424
95581
68944
84811
88695
34347
43821
5563
32954
36401
59957
8208
80166
44689
41434
22975
4852
77913
7915
30784
11057
5394
45309
95689
97090
60258
43992
8109
84655
32493
31626
23858
79514
42763
57695
42786
65908
9454
56146
76351
56090
35827
25266
39010
96859
66492
16591
65126
50849
61070
82871
44039
87294
6958
98011
41803
90968
68440
75648
56176
84916
26152
18589
27162
48163
54199
84587
83539
69201
822
72458
28794
66590
69571
80014
37815
56594
23149
65427
77506
40872
65237
77373
75764
33634
32358
54792
91451
40100
88612
65983
4021
67699
1252
33937
64831
59538
60477
6740
75159
36014
62093
12747
40023
44992
90180
10583
47114
79843
42276
615
12094
5859
49312
27136
4643
93568
91926
49483
73118
73730
45400
45626
97194
14699
23745
26917
20227
42061
86836
92181
95020
89135
8495
50812
1756
53121
30128
22688
43
2168
12333
1742
95039
18805
73394
33533
51474
97021
43877
89122
14957
58945
84128
96737
88439
20501
52879
24166
45482
31812
38266
19400
47874
38467
39219
68952
92289
71595
41179
24334
24330
35402
91985
4099
41328
55372
58238
9998
42115
48462
10418
60431
3401
14086
7186
695
44239
19209
83484
24735
47979
7468
30154
26350
90225
11869
36600
98489
27889
23964
8505
58237
60029
42660
80794
15195
78471
43042
21144
10356
53069
36800
29988
26491
41438
66369
17712
49401
74218
77793
25229
2840
65823
32862
21541
1937
21572
98173
27241
45848
75477
43902
19342
21891
42416
80681
51212
58189
37678
1875
44566
41541
60408
18504
3411
35522
81122
33102
45354
4755
6635
74550
9935
43886
77457
11135
21806
64773
39016
7556
11815
56126
77887
54967
50055
91233
91832
61173
42853
69618
70168
54700
65185
17336
21356
18888
6779
5813
51718
4151
69899
81576
66218
82803
34992
89793
72374
64223
92
18783
52051
47029
58465
64759
71987
9990
84593
9649
62588
52842
30478
37368
25045
65984
83192
38832
79370
38646
47682
36598
82657
61678
47605
20298
75635
94553
8957
68388
28032
78170
4577
62799
5584
65366
14623
70223
45499
51884
68971
14031
56052
79428
45598
83987
31732
35223
48646
87048
40198
480
32103
70278
76174
2376
41864
9647
67543
49969
95588
22234
22468
84478
70827
44194
84834
63958
24730
92271
39182
92492
73933
45378
40646
15025
1663
69886
958
89086
20018
25701
98585
32003
21302
67426
31541
810
58767
7197
95609
38480
3284
93251
5600
67359
51486
70393
57426
67932
88188
91649
44655
27278
35033
20881
11129
66988
25959
86907
18166
6235
98811
68248
1294
45517
18727
37804
61930
79667
21598
57085
44961
13266
55027
57750
11529
46721
57509
66627
12825
35708
37471
87793
45813
11353
24008
26338
28228
21558
11493
82520
46096
48482
54507
15313
27892
94361
8143
67848
12260
76552
19105
39315
4406
1404
51529
83927
10172
54411
25591
48558
70770
64926
43728
56141
89758
39925
93271
23766
79635
76714
9264
64295
65591
33973
83518
33786
30782
87884
25302
6379
23731
20683
93522
74125
36930
24268
49820
44547
32566
13571
52286
3519
94826
88639
17359
82699
89145
73145
89787
53342
9422
27591
70196
43341
28017
69924
50527
77627
69363
12803
44108
68060
75900
15287
29648
28631
45101
41621
45061
554
33251
89049
40159
52271
95564
27875
17577
62011
34194
1166
73089
41277
56915
18588
54530
84055
25866
80946
66715
72644
25988
94154
12887
21267
75411
31799
21980
25632
42341
59946
35934
72075
68457
65965
98099
8216
77771
37540
40924
66028
2738
79612
70896
13322
92248
852
93068
78753
26575
94043
39270
69685
54682
52339
96886
5906
68873
71011
38098
19842
65953
40410
40587
95541
29919
69662
78818
71560
26407
63860
16494
24025
58286
92801
4505
68264
30493
87352
21574
75509
46333
49455
80463
36138
59418
2121
96653
33752
11275
80758
9233
55980
4220
767
69770
64824
38760
349
73473
25434
47533
1378
94571
15698
40004
29456
3070
96612
91426
95059
53159
49080
77221
94128
93566
21426
84097
62896
1634
585
38816
61429
76867
33930
44902
13990
41775
20016
83081
4780
76608
90494
80390
55694
12636
24362
82739
5338
71180
35726
10864
77193
62889
21507
26387
54910
82580
95231
26644
15577
83964
72874
20099
1216
60748
47314
62100
9209
19264
13134
4280
83725
69969
58482
34547
82791
19303
76320
32328
96160
75886
32719
59506
31698
29812
67365
68651
64334
79153
56221
62778
44355
26954
29805
33105
98859
98329
32418
54584
83174
47419
20003
46718
12007
51373
80453
29976
41873
46239
23389
85793
14430
45815
8912
26768
24575
15495
90002
6985
873
10169
6280
14887
95594
81063
6400
47715
80439
87156
4672
24953
69544
26573
46620
36287
58616
39812
56635
90506
78115
88011
47303
16535
47323
71525
1398
53540
39633
63116
87110
97847
23857
44003
37532
26547
43339
27485
87012
37134
27904
63721
39020
97874
3706
56813
53052
70033
61229
1700
41624
36904
42319
79525
91882
35530
92700
32399
43622
77151
85282
42711
37303
45596
12728
93599
16446
35492
96342
39324
52956
81808
9296
91036
73393
21964
45855
91888
46148
10823
44892
28159
74559
30629
1129
2869
10878
37043
13703
66523
18045
57622
34818
44201
33143
70442
97953
93790
72369
54165
85653
50914
60515
73301
25392
93641
91268
48944
17582
29580
68819
10020
59184
82423
63923
69895
41741
50159
68467
12816
97102
39555
26992
43058
55994
67961
25907
14703
90990
72142
82980
64307
65397
269
31258
47863
14148
15458
71927
49752
84314
75544
59832
4411
19784
58503
36539
83939
4843
71582
42008
45852
32092
30498
30746
82720
93481
8796
56389
27371
86763
40496
14145
40506
57902
49915
16934
24253
97349
10562
78924
93815
26835
76840
54271
97150
63140
3523
28193
18015
22462
1125
86563
95153
4942
4888
47722
90493
54532
5767
11096
64862
81078
67043
10986
87223
32239
4860
37237
78365
10274
77634
26702
82399
44617
86466
78825
86875
13367
17876
92011
33407
36734
80026
18211
60497
59134
81336
51333
22455
92790
45573
80581
46453
66645
33508
95067
31401
2812
73022
18798
13782
80906
91589
14091
77292
83480
90948
58816
5363
12398
21524
94411
92908
73939
25438
72516
59366
59383
97188
93354
25439
81605
86841
54740
70012
94187
26896
617
92914
71422
4096
73184
22625
3997
22208
93788
36665
69366
53081
48578
94108
10150
93806
24414
77956
51202
5606
19685
95121
54397
37182
19131
67837
87848
27097
88586
24676
29503
24335
74120
26030
97605
32275
69807
15496
80573
75951
11150
71775
47130
38851
59956
72811
76637
45213
96014
82059
56725
36651
78430
34106
2982
5576
6212
81983
56617
11239
77179
92233
77987
25162
88873
3030
92316
36194
10313
63992
45528
25067
53220
77583
16891
89775
64450
23006
1277
8947
35747
69932
66400
90161
52168
2137
45250
40452
31931
54000
76208
5931
216
13195
18831
64513
30502
41679
80927
75546
65951
56716
51422
24470
29127
94555
95064
84076
15191
6165
88086
72632
61979
23534
80020
36724
58861
74602
45665
72110
85475
39561
91100
78171
76463
81012
95554
84001
41058
2454
13819
23594
62289
68464
46353
49547
58093
40705
95176
59858
6288
39498
17213
76157
80844
84650
10577
22497
66524
98384
12182
19277
93536
28539
29987
14126
25942
64121
34881
31753
96878
67820
3717
11840
20447
74163
42127
7198
55277
93014
91704
47131
4374
22697
69121
18738
31492
43754
92413
15513
53199
8642
24822
76841
63511
6942
83347
58681
12916
45488
15783
80337
75636
79910
27092
3853
11242
38790
44439
42129
37870
2456
5938
62516
148
23997
8002
38912
41980
85955
74564
45924
72469
70115
52695
10887
97540
13735
7816
11731
92945
95709
70846
44043
59658
61011
18513
31666
85669
13748
53607
85189
62882
18561
22921
45247
51448
42124
55233
36072
20403
89558
17860
55701
42720
16373
19866
40064
68362
61874
41513
78593
14024
47557
93203
71516
95313
81350
40998
14881
28614
69681
17651
76439
71244
27395
6252
37902
70970
33380
36619
30271
1468
74516
63576
94628
87538
86693
19499
96007
62543
46472
57309
8261
47995
19103
53089
62428
64126
86091
86128
66044
28327
50214
73928
97025
62828
91081
86402
19415
71048
46004
55099
90526
36971
24734
48146
64398
92083
85177
34937
32834
50062
50614
82379
23648
49665
33537
12993
94127
50329
73317
1145
51818
2394
68468
63971
28601
72365
70177
71550
39607
21108
39625
36720
87115
26468
85617
51256
78544
1063
87408
73416
12914
61186
18532
60955
78689
17778
98227
19566
14686
68751
18028
76121
85436
43200
3933
58553
39089
48194
48751
55246
55989
11988
9821
47415
81046
33161
46905
61826
41417
73314
64298
5958
79794
29581
51128
40298
8940
37595
54477
14710
93262
60917
21246
85335
51631
12886
86986
14006
60220
57154
25724
89862
36049
19950
98876
94818
13225
41862
27958
4945
65814
33240
44549
31690
19518
26703
73758
72174
38730
25867
76976
49574
48271
63083
51583
52294
91491
9695
51335
181
47124
79444
26262
45087
87628
90300
53248
44927
94465
9150
87461
4827
31671
63562
34302
41469
8447
97888
58420
25897
72419
15033
32494
34111
81768
73993
791
58021
59979
33687
35456
33970
76713
27077
87177
53202
62406
46138
46838
70902
33929
92070
29405
81169
38741
66288
10489
582
14993
8417
24289
89349
1433
30500
78943
57504
29819
18213
10101
51717
62231
43105
68154
45522
43555
23832
82002
70767
86846
80591
97660
73776
95367
26390
40884
16534
82778
80512
82659
3942
8248
8794
46208
17573
45330
53059
20494
85021
6867
44056
31502
8328
66330
32152
84304
52013
95191
11877
44250
35758
96529
92549
4254
70961
4238
65681
68416
25861
27197
54468
72305
34779
21882
25624
75103
40736
19953
13309
69587
90630
28039
94731
76533
93742
13981
8191
72702
85022
97157
45430
40982
46698
14637
23646
54043
5296
16041
20474
53447
67665
24190
52773
86094
8344
13441
73013
75462
82133
26819
3008
58646
26919
55006
53709
34324
60
78082
47229
83919
69452
91371
30407
45543
84195
21959
4027
41564
38157
73929
27195
33515
77187
54049
89392
55305
74811
81164
23985
97074
28391
40192
58984
62057
57852
34091
15342
4388
24445
49384
27989
29594
49704
96327
18707
39727
69135
49342
25267
16720
48209
95593
37511
19014
38334
44657
35449
62656
18714
42219
21341
51479
81335
88645
51461
25125
84460
83764
60079
58180
80891
84623
33987
7879
4801
54035
88063
2753
982
96799
32994
41918
67275
47724
75226
51545
11522
63788
32600
43652
83491
40479
40510
3637
92596
502
25998
84724
32171
6045
39361
35834
61503
57976
39533
69520
7860
37585
21181
33717
30433
35010
41067
34517
55096
89421
86198
13754
30588
1011
93140
45969
34176
47042
3648
9387
37046
69620
45042
58331
73342
49591
8292
32421
70403
81875
8421
26925
37728
2089
62803
46491
40558
95748
70601
61849
42154
34919
29903
57046
48070
33133
73973
26766
71754
80128
89486
48456
75515
78631
78448
42899
21617
18162
81220
43375
28219
70780
7758
54774
20642
18387
13941
30922
32709
69328
46697
22180
54312
69123
95843
22824
54535
24635
90092
47291
82675
37285
49157
67469
49575
94478
76132
3788
65129
57123
64606
88313
31665
45805
11864
66519
47600
76775
20737
62845
14786
96793
24865
88350
24357
48961
23421
74792
80840
44354
76010
39162
26942
68030
42424
46201
50374
13567
31236
4951
5200
45287
20047
72454
77009
85191
41410
29322
41996
20902
12113
35899
85082
10917
84533
49210
63503
34081
89270
421
9376
41399
72926
40418
40952
67203
73795
98125
94650
35292
29953
79980
92709
86703
66302
10926
79029
45776
73798
62534
43966
2066
69553
16054
97200
72332
58672
47591
66915
17411
67042
46880
11285
31245
31696
85773
56605
98782
56796
9447
69092
62440
38079
53402
96838
29024
4477
72805
11555
42088
6297
73202
38171
62005
36139
5147
44063
86153
30555
55403
23622
19211
59697
18050
64304
54045
39003
83300
87924
57241
87554
45684
75052
58841
97519
91532
91867
64128
85953
76197
67797
15310
38764
8786
60943
93072
47720
21313
55362
40898
50818
55320
18283
15860
94901
81390
33935
79408
17958
56041
85735
83991
66357
54551
51892
41849
68547
60757
44131
30447
68575
87155
70599
86049
4639
91508
70100
47671
9347
941
79611
38063
95711
33586
49185
87224
59096
77384
12474
15429
69591
32406
71175
95833
12376
76975
86564
48791
81054
95803
96002
25991
29196
44428
28525
36078
8898
4688
84961
97352
38111
45041
1284
57120
94898
42930
43758
1719
12567
21508
44246
31422
23863
20243
14671
79092
17434
26452
80761
32208
85003
69489
49607
95263
34786
32290
43882
73888
47891
43810
35651
8857
24533
67484
78637
8436
76262
27314
88797
60569
42976
20058
77438
17688
74858
92052
51830
37422
43998
41400
38886
96275
23566
16120
74437
20796
64691
81523
42210
32389
4687
30464
13100
71864
17097
26756
86608
36371
47071
85331
86496
29980
30510
9424
8811
86621
45586
3605
83818
28186
4520
51734
45873
30522
26393
61257
3013
23757
90389
9106
82441
91049
85655
3732
44709
58000
5113
98092
81175
35850
63882
53388
22750
37030
98791
33635
88842
71821
64047
21403
17330
82331
35304
56348
94034
79082
81863
97653
70140
74385
44375
91025
68317
43387
67809
79639
48370
37433
88576
52885
81681
66965
16815
5163
47953
82841
17672
53746
96527
44675
73106
79900
15416
35574
75658
18427
84183
19675
2797
97083
89176
85037
80738
16440
34413
84180
55167
56510
47639
2567
38129
28979
71885
73507
5153
87890
57398
17291
43649
60040
7591
35592
57925
25625
68796
34444
35075
33810
61262
33093
39283
63094
90683
86629
44144
91215
62530
69908
51955
52646
19094
19104
51160
2301
61495
89031
69424
33715
30699
80565
47235
42612
5716
29464
28120
53600
85026
22980
2208
42889
32387
65992
75045
71132
48819
90892
62661
30612
11463
27752
89338
14171
8226
48506
30828
9211
25273
83690
6346
57941
24038
21476
34426
85800
65245
35276
73457
8697
55214
89674
75308
3170
47647
39485
37811
28469
6922
65028
20491
2628
29465
24844
23249
29949
71335
92027
75269
87516
43204
34838
50117
89527
96520
77035
33664
20946
38594
44451
35996
82030
60374
87072
66123
73241
96101
11570
90243
53145
92807
4338
70156
37565
86475
79848
93488
550
46571
3947
23
85054
73663
63580
52692
52657
10247
27772
5161
13306
70306
77861
48513
9186
36343
7193
1752
86318
4279
91724
82727
50332
79087
44186
26940
63674
21863
69588
73791
12008
11617
60153
74852
4453
65455
47611
36005
62225
8225
68675
52194
82459
16083
80112
57045
84138
83173
79981
63603
46751
89595
90422
67761
37166
59065
1541
34085
82986
39032
51790
19766
66832
5858
46937
96051
65612
81138
71639
48033
69612
59678
51275
59820
76921
6869
64601
98109
88725
28271
7447
5482
47196
97667
2942
79361
35374
52065
46502
43694
28233
31652
13963
64751
79969
60423
91042
81312
60049
67207
30122
7018
94671
77496
81034
75446
54378
43869
51180
96538
85879
48468
52818
17898
70064
4571
73731
49806
45102
13687
72637
64209
56113
80340
49702
13962
81306
78095
2054
84591
26915
23632
74651
15974
77501
78757
86056
10839
26331
16708
27111
38418
8894
12516
20910
52463
25606
23934
16611
84184
51780
93334
43642
74122
18772
50431
681
64015
17057
23574
8881
77030
25424
37992
93578
57258
86483
2844
73298
78565
94249
54849
2366
10132
6026
54115
21506
64776
61989
70360
61511
24081
21142
69559
70925
25363
72804
61157
37758
36594
25044
33438
86417
12397
83396
59342
84860
51130
10873
28764
79791
2551
4736
43970
93463
60054
32578
39567
11640
12395
30290
17837
84371
38571
10561
2823
85351
38872
53759
61241
73803
28608
6967
79115
59815
61891
77681
73559
61602
46348
1069
40562
46861
63086
41961
46897
77556
4889
67920
92318
10402
10123
4785
55547
94981
62124
90359
31453
4744
10606
11075
90374
84864
71586
18328
97323
70650
95058
93457
75830
28701
69539
81617
39091
25737
5419
43752
17482
52388
85009
91093
84844
47087
66990
40572
87356
82392
79046
49932
93184
66317
94967
55236
39584
39482
92360
83257
49536
32859
39685
51517
80245
53721
51816
56411
36240
90060
58136
43723
29350
361
20321
43022
24535
42662
18129
66266
29532
92797
45526
13054
7678
68585
34827
40508
44775
46128
68498
36909
29994
648
64959
82300
82023
967
44528
11004
88825
18828
26912
64467
97016
61322
86375
25806
15091
35879
48750
12542
21657
58709
75147
83721
29860
44688
72345
56738
51469
31915
66106
66479
7087
75079
52899
91584
72671
3321
20202
3792
10098
29088
79756
14143
41193
29081
20134
75567
65062
49901
70807
4115
12044
71733
23670
49634
5862
64678
32107
19882
97518
81965
21088
74788
78766
86793
21419
70319
46007
44125
20361
42848
355
54013
78664
7272
93997
84496
7295
41966
9704
51384
9513
29551
79334
26137
71916
40829
8095
57607
41650
57778
49190
59417
80850
37988
11716
89747
78363
98112
428
41008
17622
79569
19554
7926
31423
39068
29810
88078
80009
11237
48394
3879
81980
96050
91183
73380
18019
50054
73526
94327
67245
72512
2430
78323
9368
59577
78451
54387
42125
26166
12884
91860
67605
69394
40121
84438
2352
94305
55217
37987
33288
11600
76123
26865
82802
49309
52172
87241
29867
23862
89598
3464
47156
75000
16961
29381
83801
50212
6055
52658
97658
63796
63583
39401
61598
16931
27956
70201
36082
41858
47846
93051
20371
63525
10122
94054
58461
9829
2643
31070
70468
90501
26535
95396
27509
75632
78691
36592
26147
4161
62906
88598
77358
42501
60850
15274
80682
64154
92145
98615
75621
10139
20893
62565
42102
53101
24773
7047
21428
90080
8335
22769
55206
52008
70705
29871
69901
89257
53279
18799
2671
51144
52047
23385
46116
72812
15179
67656
83372
19840
97670
95239
35958
51033
34083
2161
38085
69246
69346
84505
4698
56886
41761
67594
70845
35990
1172
74044
94770
46069
36912
52765
37034
8641
40652
19145
87441
94298
19643
23109
29697
5503
20174
92458
15058
88449
90459
70400
87619
77052
25458
68241
94279
17164
67615
28456
17691
92253
4890
93357
7811
86771
82503
60172
81413
14179
65806
52858
79447
39689
59295
96478
66284
83628
87567
2122
36459
84634
6531
70088
33148
82229
24777
6218
89890
25315
17310
38876
81160
76107
14167
34118
7144
73325
6214
4560
16287
45948
3022
74022
48410
5857
55960
27325
1849
29030
44427
82907
10787
425
16617
61684
51615
7249
80289
66493
91634
5478
24584
64750
35874
32314
30809
49152
89320
32805
97401
55449
28470
16549
76737
22153
27524
14407
48392
32729
53840
8734
47432
3006
73347
8247
71284
72036
72750
30087
67929
35017
82294
40621
80727
8198
47074
58754
96578
98228
87847
40522
7504
75441
79041
74857
68570
97489
34048
91516
88549
63698
92222
68528
68272
7414
10954
96175
21820
46716
9858
2638
41687
34486
14235
31252
92852
40544
65243
43440
16982
52534
25592
87495
34129
20408
20340
10345
92103
55469
78194
3363
7877
72905
94575
88025
87749
15483
70093
37078
12901
93026
17697
58060
87877
57106
65604
89047
28029
62082
33199
15423
14214
91214
91400
91051
42265
85950
41002
95797
40189
16590
87796
47641
36449
18241
33204
35211
8568
32915
56
19858
47318
20903
29367
35669
29390
68632
72408
48851
35689
2875
25828
36204
62322
42871
31334
82663
58541
91943
24871
48338
65414
4152
85532
66790
22566
78384
67702
79356
64014
36856
39899
58928
39047
11602
88644
10463
19319
32502
30533
72358
78362
63825
85061
8901
8194
57220
57696
70229
35229
65625
52972
64069
63551
77036
81671
54130
98686
65717
2686
18297
74404
96752
42324
92767
62670
63155
93935
64771
80736
28442
8435
62618
10286
95271
72018
15628
23020
25234
20949
58475
633
85216
33964
60811
69306
80772
21213
41768
78321
55950
6737
41280
1300
54453
82416
3480
14460
69051
21004
28931
1927
40722
78667
95257
1839
84386
23136
27722
31634
95440
47511
90377
40980
33336
79919
41716
4943
25257
97173
97284
16790
98368
80164
53154
38061
66109
64912
59866
57562
86708
1365
73902
94445
26538
41317
49321
19340
43539
24583
52059
6357
75506
83565
32021
60876
22003
28935
79861
40095
31313
30445
34200
43112
18444
95201
5151
1431
16940
6595
53757
9291
21766
82460
41539
27866
16397
55700
7859
31316
44829
76382
51050
72014
90732
14047
26900
46728
12244
58031
57161
36383
35945
42118
86179
4694
6963
55941
41875
10855
97385
13006
56265
94047
71994
54008
53038
41185
97355
97015
17363
34096
78779
72352
24761
71579
419
60396
93078
97335
32646
97607
64860
96855
80462
72663
8342
22064
84649
81877
81456
14002
85277
96080
31321
37328
63046
7073
46969
824
66140
9536
63800
43172
47089
31613
6393
48011
43224
15134
69838
71967
38884
90580
24847
26497
54997
92911
34327
66958
20084
94629
87632
72910
31530
92134
93224
89813
73754
14027
45565
74090
37090
82439
70039
75339
98088
51500
3966
39052
16279
53947
11486
59218
98151
39535
50323
17736
97254
92425
52894
47026
55788
12799
62307
29231
45652
90037
83133
16908
29877
6033
72278
81515
43817
44563
50759
19427
48835
59841
5335
49894
15574
36404
43064
8072
28406
44351
23260
33783
22716
33225
14846
55300
64810
60704
38246
95172
64792
73154
65891
35792
74312
52998
16027
61508
75916
15224
79220
69109
73861
31507
51539
78731
74821
30890
47532
17996
38907
38560
8805
5045
34983
16994
19774
63879
13960
46305
21457
98209
59783
69100
40922
62210
91322
83504
31960
88473
82774
13320
33969
87412
51055
56661
93033
34941
70249
55838
2185
27512
26517
28651
9324
88118
77037
93776
5461
69083
67148
29816
73196
72631
93857
9144
1469
21371
78590
78456
35246
74252
52118
30949
68662
8005
89882
15600
66529
20196
20259
19460
45754
29508
51908
37159
44327
85992
67412
79036
94605
80895
86488
165
16999
30702
57405
10329
72183
26367
89171
90919
86122
89771
61754
71067
51167
42951
23989
71005
86941
63592
891
65615
83469
95448
14647
85535
76207
27669
96170
98348
95908
53677
51492
62457
81311
62449
37527
28894
3791
69474
17707
82625
54982
41048
61606
94031
32325
15661
81385
26934
55629
15436
27174
9873
59794
70722
56959
84604
91979
5038
90921
66729
81036
47783
84280
80773
46538
68863
62498
73302
44565
54474
21499
72070
12989
32807
47317
6750
73124
28973
70120
77589
73724
93818
22421
2357
67491
63182
46678
91276
32936
97462
31299
48001
88545
40897
98599
76968
67476
13368
72975
96675
91552
28046
58264
26258
67506
32825
85446
9157
48651
72658
12621
60364
31814
97878
49825
77188
96587
11935
70121
76363
24513
47852
91354
4814
54095
16584
571
53418
41412
36810
76219
1330
13030
42176
25594
39390
72848
95775
41962
57892
15777
76290
32874
95054
89437
93629
61642
96022
70922
984
53124
37816
47301
73945
1554
86858
47313
38170
59670
12435
33697
33188
56564
77176
10254
21973
11494
24371
71409
52365
45867
86571
2554
97514
55314
19947
88422
68466
65416
91677
53117
21003
81282
92064
96166
59183
27412
78875
79273
5822
10983
31104
40170
62185
11222
58127
55936
24812
38416
23819
61653
75808
59421
82298
25999
50488
98509
60514
6350
47840
7075
10862
96148
15906
61657
38458
56437
48382
19944
50393
45991
72238
65367
31714
14904
45770
38572
24364
65690
14872
72393
91601
87845
12787
27486
71753
60288
81946
17681
10654
39576
52020
9608
67953
92170
92409
66442
52161
23430
12167
3221
52096
59557
1374
18042
17111
87326
59960
20499
64842
76162
13488
74420
81726
25130
68190
307
89828
85040
43150
9708
73820
7593
76526
33424
91124
72755
19285
69177
22578
40333
35198
80438
48504
2062
35580
68278
70202
21439
58070
34442
64861
69332
46633
26120
70113
28724
52253
77781
91219
71161
80279
73866
28813
18591
11143
65337
67011
26892
53421
96132
27500
69524
72058
62217
87676
91966
65912
43056
4417
25336
3129
30882
66772
85558
84254
84576
95616
39519
10771
18281
1126
34534
32229
2540
86414
17140
38708
1307
1618
31778
40081
93420
92851
32181
21687
86131
24346
3227
40523
43186
90475
86761
36748
97837
39951
18044
70850
77677
57899
58440
75595
82510
51829
43547
72712
51528
74328
22796
80521
78851
64550
86048
23202
77239
48413
15568
52462
68043
84119
2347
94603
68116
74030
90976
81731
61125
2369
52993
20362
81597
33089
95021
29305
79243
3408
29202
60005
2700
76443
6849
96314
29900
69047
2525
81430
29102
98058
25027
72500
65124
36851
17251
93422
15613
97773
54644
41011
97459
17881
1116
95428
3758
64170
71488
60746
23094
33490
47280
43942
68600
6926
66780
91845
47080
21434
9816
12455
58493
95025
28572
30440
88165
13845
62933
10009
85671
78021
45080
14472
34561
16305
75272
85781
65380
29510
37271
40609
5326
12256
53410
2829
30219
3342
48172
83951
69525
79681
88615
23971
39295
13518
91712
81884
79528
9974
63479
32159
49207
29797
81742
62810
96157
60373
71634
23725
10480
22089
14369
61600
92769
94771
15449
47908
61221
98763
30729
96274
9312
47195
87590
71737
97939
68517
17854
70270
41063
26245
79891
93111
52795
58176
62184
90865
61841
51239
36599
92822
50361
6857
74290
63513
23060
69490
76492
20662
16048
70215
33499
14777
88771
98718
2424
86931
37231
63575
45197
41758
6316
96103
12254
44081
56238
2623
6987
78811
14064
78350
32241
4539
9948
80450
86814
89700
34893
11438
68967
86946
76266
69593
92306
53182
53661
43510
47190
32962
71242
17326
7478
40429
71297
96516
8388
97058
78197
76100
19529
90989
37378
16916
67343
68703
66347
30508
17607
56316
70751
39371
34930
94304
55640
73114
17315
63941
61523
88700
1263
88061
91531
52142
17276
17671
94537
85915
98014
91620
74731
47316
60884
91079
26739
5349
92761
44751
5946
79238
50051
98530
8594
29411
37673
21051
10822
14135
52104
71121
62627
13432
3677
22297
66122
8163
10397
95329
49165
67313
51284
61216
28921
4964
34999
90792
62320
82390
74140
18830
70975
30162
25281
22644
37016
89195
62839
12018
98887
93525
6133
8117
78474
57198
35496
42555
67171
87444
2676
95134
75833
23762
22683
25122
86424
71437
82949
27125
12613
80003
92005
84746
30196
73440
18719
90325
43764
12968
18433
89258
61820
23196
94617
7177
4336
19201
68110
57361
54019
80114
40713
72604
16207
74972
92429
47572
38244
27642
61883
1729
23199
50538
57037
743
44697
98752
82707
59799
76967
88838
14886
1528
29548
63196
87629
83525
93016
83362
16843
94990
63650
25651
95296
16135
69064
76373
47306
75714
47027
65462
9005
83153
39236
90621
80835
66309
25676
55287
37406
70876
58802
7000
42584
182
85931
45936
20717
2521
61313
3972
23630
43903
67586
21456
94607
25673
57933
43881
3513
81788
42912
73268
13068
94652
9383
67946
26520
97233
4986
83351
34697
86758
78788
13446
22913
40162
57920
61993
64486
81292
30538
83515
92151
62523
61240
66168
95573
88733
58160
82726
74162
3047
755
29294
77025
97185
46495
49501
59138
71794
89948
52821
44061
56933
30523
4271
36865
80914
70440
5696
66913
69379
90428
69598
36853
44437
93717
85861
74400
86944
45650
82236
46990
40578
30645
3509
39240
31908
22207
59197
12981
88906
67356
62136
85916
56983
25020
72159
72244
7600
53201
26658
40900
7110
63496
21120
23569
61387
47484
11536
50140
92514
26248
92766
82088
61518
95551
60142
66152
38257
89802
73277
10763
8362
10239
51408
19156
64040
87517
22430
59377
6571
22445
46017
77336
55073
65930
36470
74294
5730
29015
21732
16091
79368
58064
59700
49127
34480
28772
65353
61517
48218
66227
21465
29289
42811
442
81701
93653
67237
60285
40078
60181
11943
80991
8687
47547
47172
13915
46257
77537
5117
24597
86540
6300
61327
85323
11576
71088
20819
34119
69758
83903
62974
78744
59937
12903
96212
88564
57168
81493
47907
3415
63805
84317
72156
63393
43822
34214
90232
36065
5892
81792
15749
13426
24922
73743
89526
52640
26155
84078
37125
91437
96180
11761
83280
1484
71529
77175
81118
69534
42322
75624
82267
39704
45092
68645
25679
1140
79543
39224
56645
70539
4210
66664
45624
65450
88713
27985
74076
92682
91612
80227
61873
90538
41240
20124
30999
77495
51590
5933
88008
89117
15461
70836
4036
69786
37270
34485
47993
81670
74246
66334
13812
80393
8563
93824
6904
73157
19708
35375
11397
36319
73550
69179
1949
19451
46979
34851
90773
11146
33229
69220
70637
8985
7374
83925
50385
47785
1053
83962
12837
65970
95671
58663
802
53074
49602
75634
97306
12091
78829
42207
13423
65950
18654
3391
32333
70116
6184
91216
27051
56686
83857
97628
49586
65191
8066
87646
35548
62071
1232
50714
47974
52974
84360
56782
66058
35877
66673
13435
9500
19092
77056
74418
12822
14428
95854
24567
53278
49947
56421
58362
59904
645
50951
23625
93487
61131
77839
57359
6566
5304
97613
27975
32135
84581
98604
22523
39245
45903
31241
38143
36324
74933
64943
77270
8931
6404
7889
41979
9817
93058
38982
93982
20914
28059
92732
2532
87215
90319
9797
6286
73853
3344
73243
41133
73557
64569
29943
22372
7716
43438
25192
93782
15285
25404
94885
33908
14829
67768
77266
3319
51907
62938
13535
74281
20906
84192
31249
52843
82412
11344
25253
25946
9016
84346
95574
15022
79137
58718
34562
48189
51669
18334
64409
3747
66435
96272
26563
44238
69024
69395
7636
52171
42567
56593
91104
68180
69267
40483
78492
2564
76231
57510
47120
8644
28700
40789
69702
25778
64687
37085
84144
42026
16102
33081
6873
75396
44827
84241
93012
19480
65531
81084
37349
6030
97662
65420
1406
30682
95517
34680
52962
11241
61525
46415
37654
67232
4636
30388
83113
59289
97757
67880
79064
49668
80484
70142
23057
96334
89318
3048
50272
72105
42979
69142
17138
35560
69972
74428
83743
25506
64019
34052
18405
7275
97156
17010
22408
35221
44300
30469
96997
51183
22060
7955
14008
89199
85295
47601
89071
27168
15305
25012
89359
5749
36517
78353
31371
79062
37747
75349
48735
49141
27076
86293
78015
21370
84792
71449
74494
67023
78838
5066
78103
1967
20462
15932
19747
50585
94501
49829
2929
38485
5826
18224
2794
91248
96124
4369
19220
67810
79904
80
82895
68259
85130
4790
84806
653
68786
30727
13566
3720
62348
4886
61825
7511
96151
38756
84711
63743
68516
83207
78306
57156
20252
1567
67889
78792
56621
82785
51954
638
91952
533
17292
36521
8090
98728
25136
41976
95566
13959
26361
56353
87379
70182
43475
21248
71133
43076
13058
53543
33946
2971
30638
86854
68572
22072
68881
50701
95860
40817
35542
51556
13868
6733
76779
75087
18366
37734
42208
31782
1584
8806
74195
68629
76241
28116
51744
14138
15883
82283
61276
11421
83052
18326
59788
38212
20021
29640
40278
65640
40617
4307
91713
15709
90782
67989
46160
51896
47252
94244
2784
60494
32635
12675
36150
56474
26568
94704
2598
77686
82908
34004
24520
94799
8553
87624
69183
43683
62
21442
62464
72246
71860
80216
35861
34286
69459
47003
60047
88711
90261
59777
57605
52358
84588
20602
85343
46959
43477
46252
45009
31887
82487
86416
74998
56294
47186
9978
52472
3397
42647
6203
39351
80285
67219
80276
67450
26445
43450
4300
80877
77422
60710
58753
58520
2108
9221
35653
25578
61040
1309
89666
949
15794
26586
78355
19764
15158
24839
8614
93189
64463
14346
17953
57520
20012
84156
65079
37426
62371
86326
21161
60414
61130
35606
32542
71847
62043
10881
32530
69076
84337
90551
38875
69357
51325
98532
96142
29777
43421
87695
87996
63033
38012
96770
69016
54220
88500
39259
12074
67192
39920
54197
4270
89110
52950
20057
35905
53284
88937
11802
32311
81310
37331
25777
28315
54912
50191
15065
27850
64955
59965
76468
63809
65575
31840
36916
80625
94853
62376
10828
83202
46371
98622
92187
17103
58498
59332
83751
89278
53790
85119
16424
14679
44202
35826
92002
97120
6719
45052
55463
57031
28635
8286
40426
50386
57041
63056
42180
9051
48173
65880
26480
23362
45778
52432
12422
49852
28951
71561
36719
95865
88209
64016
94611
34197
4658
9571
21835
66042
58579
69105
74528
43562
57843
8466
70734
65065
34336
7061
68955
98096
24928
78394
58860
96434
84200
29619
4858
34522
26373
84225
11264
33195
2963
56770
14764
74868
6160
15910
9193
30863
31139
66543
540
75709
30163
86732
20020
9942
66927
13598
88759
50090
80795
66488
47171
16137
49073
57734
66315
81573
50830
39156
13911
46878
40111
90670
8820
89757
56895
40386
38710
42296
53398
34586
86019
32764
50946
42564
1929
56174
51937
55619
44804
33880
70001
68441
10972
7480
44581
27228
65141
65334
59316
29206
23865
95796
89950
20933
80639
40808
86958
89951
21050
23120
51899
3264
89364
23248
81917
53755
35346
74524
23051
86862
93454
49176
4681
4393
58418
33584
8451
12497
30511
64602
34696
3998
29669
24065
8024
58248
53491
8834
54709
12405
6405
41740
66089
76464
41921
20721
36321
71047
57702
58109
45542
22326
94409
14344
1545
28337
84104
50442
29112
13634
82618
81174
51610
98755
67217
14241
96331
54901
88057
19986
88367
664
8277
76758
77791
34546
15655
93681
74092
71932
18658
19429
10246
30953
43352
70025
90591
76690
3325
34195
16400
81967
41576
42522
66741
27364
69604
1068
81688
56882
45735
80058
53551
47304
10283
80397
1973
91522
656
33072
97853
30495
66155
25343
64542
23742
22660
50378
53079
60363
95764
91266
30781
67166
66785
22591
40041
55634
34553
39666
8410
27563
7316
24317
45645
21211
90024
81534
25671
83270
24153
72193
79579
16432
94676
48640
48994
96001
11346
5306
53717
61386
29828
20911
58207
15325
59249
84249
64564
37675
28230
54599
67420
75451
97050
19398
40500
30518
11592
58593
15889
47457
11108
48023
51809
5876
76399
43726
30637
82245
46351
51624
29217
60182
51507
26278
40339
39900
67994
51248
96973
52021
16870
85708
7192
20027
61555
27744
33912
53247
55401
13765
86115
24228
62920
78444
57926
59114
69556
74683
73896
60205
1794
12612
38746
64541
77050
9444
75280
93008
10567
7958
10748
19659
16337
7757
39868
3777
31756
36430
16878
82998
14680
65521
40354
6467
54630
61752
57720
15368
45869
29595
58749
24688
39092
34228
82789
18347
52563
35250
1395
27202
95401
42087
60352
13349
85624
8097
319
87212
13674
5501
51742
75954
14578
68945
21860
4545
13079
41706
65067
23131
15054
78543
68666
83558
67747
30977
21699
4598
6057
32706
65659
80022
42570
8705
31317
469
75734
9773
6172
82571
74434
61576
8082
1559
22541
2661
97975
69763
88584
72099
15886
85844
70733
77690
66055
72256
19733
20951
7731
15704
53512
3756
64153
12893
42568
51813
31107
68287
81400
64136
14688
84175
33845
67670
72017
96621
36368
66368
69812
17762
19731
66362
63856
52944
65166
18331
19023
30846
11211
19608
55904
64495
78334
62636
95055
90280
96338
39586
59830
94341
23192
68795
89499
70355
72324
626
64484
96351
47909
133
24796
29692
59682
2341
54537
28510
4924
38113
29157
50350
66806
12842
75493
51383
36939
91311
9870
71659
19352
49103
79592
93651
48544
8297
60144
27124
93956
82881
44256
66118
59553
1094
17108
22536
920
14211
48585
54120
68371
63183
24431
66555
92338
55804
7343
97336
79753
11088
89136
31153
38824
61204
21055
58460
40965
32499
15610
32478
59132
33013
3662
58775
26377
88184
78696
24238
75642
35988
75458
98494
51985
28960
45887
50487
85771
85695
31909
86612
15503
18717
54481
65298
27431
12342
32743
87934
71183
52080
42857
73682
74160
52910
16682
36
51278
10608
67794
5679
9390
23055
96753
88504
84494
15370
32938
3910
72116
48515
91179
94246
50235
68014
45187
44171
65114
70857
98646
86797
55458
39
93362
71251
15778
40765
67568
37062
58154
73456
74738
54381
70117
76792
82263
44148
19357
16299
51893
10106
96223
15156
30920
46944
13341
5109
8836
15106
17361
94159
13502
26864
40821
93077
28615
5262
83041
43601
31016
81180
1941
86813
88429
85490
58148
92987
56067
23752
93065
29255
52341
92486
94973
9161
51802
73523
98229
65352
34251
62094
32569
39271
74274
7520
79386
59444
42643
4554
52519
34571
7248
13364
93256
31594
87542
37858
95635
27240
33325
87714
88886
67971
73884
84497
50472
47575
29506
25489
88935
32355
32551
61559
68691
52052
97160
96494
69013
30470
98543
83146
31213
39118
91141
65017
96725
29237
85284
42192
89300
35022
21664
62018
56975
14210
65456
96171
65268
35504
32202
50925
73829
74435
8076
24133
70421
87928
26867
32882
21473
56349
96977
28819
70131
8944
85135
12679
38778
22741
36975
16108
62720
22426
30144
75054
13365
952
64240
81094
7797
54981
83650
52571
49747
55083
8666
